[gd_scene load_steps=15 format=2]

[ext_resource path="res://source/scripts/StateController.gd" type="Script" id=1]
[ext_resource path="res://source/scripts/player/Player.gd" type="Script" id=2]
[ext_resource path="res://source/scripts/player/StateMove.gd" type="Script" id=3]
[ext_resource path="res://source/scripts/player/StateIdle.gd" type="Script" id=4]
[ext_resource path="res://source/scripts/player/StateJump.gd" type="Script" id=5]
[ext_resource path="res://source/scripts/player/StateFall.gd" type="Script" id=6]
[ext_resource path="res://source/scripts/player/StateGpnd.gd" type="Script" id=7]
[ext_resource path="res://source/scripts/player/StateSlid.gd" type="Script" id=8]
[ext_resource path="res://source/scripts/player/StateWjmp.gd" type="Script" id=9]

[sub_resource type="SphereMesh" id=7]
radius = 0.5
height = 1.0

[sub_resource type="SpatialMaterial" id=2]
albedo_color = Color( 0.917647, 0.313726, 0.313726, 1 )

[sub_resource type="CapsuleMesh" id=8]
radius = 0.2
mid_height = 0.3

[sub_resource type="SpatialMaterial" id=4]
albedo_color = Color( 0.427451, 0.8, 1, 1 )

[sub_resource type="SphereShape" id=9]
radius = 0.5

[node name="Player" type="KinematicBody"]
collision_mask = 3
script = ExtResource( 2 )

[node name="States" type="Node" parent="."]
script = ExtResource( 1 )

[node name="Fall" type="Node" parent="States"]
script = ExtResource( 6 )

[node name="Idle" type="Node" parent="States"]
script = ExtResource( 4 )

[node name="Move" type="Node" parent="States"]
script = ExtResource( 3 )

[node name="Jump" type="Node" parent="States"]
script = ExtResource( 5 )

[node name="Wjmp" type="Node" parent="States"]
script = ExtResource( 9 )

[node name="Gpnd" type="Node" parent="States"]
script = ExtResource( 7 )

[node name="Slid" type="Node" parent="States"]
script = ExtResource( 8 )

[node name="MeshInstance" type="MeshInstance" parent="."]
mesh = SubResource( 7 )
material/0 = SubResource( 2 )

[node name="MeshInstance" type="MeshInstance" parent="MeshInstance"]
transform = Transform( -4.37114e-08, 0, 1, 0, 1, 0, -1, 0, -4.37114e-08, 0, 0.2, -0.3 )
mesh = SubResource( 8 )
material/0 = SubResource( 4 )

[node name="CollisionShape" type="CollisionShape" parent="."]
shape = SubResource( 9 )

[node name="SurfaceRays" type="Spatial" parent="."]

[node name="Ray" type="RayCast" parent="SurfaceRays"]
enabled = true
cast_to = Vector3( 0, -0.7, 0 )
collision_mask = 2
collide_with_areas = true
debug_shape_custom_color = Color( 0.333333, 0.835294, 0.901961, 1 )

[node name="Ray2" type="RayCast" parent="SurfaceRays"]
transform = Transform( 1, 0, 0, 0, 0.866025, -0.5, 0, 0.5, 0.866025, 0, 0, 0 )
enabled = true
cast_to = Vector3( 0, -0.7, 0 )
collision_mask = 2
collide_with_areas = true
debug_shape_custom_color = Color( 0.333333, 0.835294, 0.901961, 1 )

[node name="Ray3" type="RayCast" parent="SurfaceRays"]
transform = Transform( 1, 0, 0, 0, 0.5, -0.866025, 0, 0.866025, 0.5, 0, 0, 0 )
enabled = true
cast_to = Vector3( 0, -0.7, 0 )
collision_mask = 2
collide_with_areas = true
debug_shape_custom_color = Color( 0.333333, 0.835294, 0.901961, 1 )

[node name="Ray4" type="RayCast" parent="SurfaceRays"]
transform = Transform( 1, 0, 0, 0, 0, -1, 0, 1, 0, 0, 0, 0 )
enabled = true
cast_to = Vector3( 0, -0.7, 0 )
collision_mask = 2
collide_with_areas = true
debug_shape_custom_color = Color( 0.333333, 0.835294, 0.901961, 1 )

[node name="Ray5" type="RayCast" parent="SurfaceRays"]
transform = Transform( 1, 0, 0, 0, 0.866025, 0.5, 0, -0.5, 0.866025, 0, 0, 0 )
enabled = true
cast_to = Vector3( 0, -0.7, 0 )
collision_mask = 2
collide_with_areas = true
debug_shape_custom_color = Color( 0.333333, 0.835294, 0.901961, 1 )

[node name="Ray6" type="RayCast" parent="SurfaceRays"]
transform = Transform( 1, 0, 0, 0, 0.5, 0.866025, 0, -0.866025, 0.5, 0, 0, 0 )
enabled = true
cast_to = Vector3( 0, -0.7, 0 )
collision_mask = 2
collide_with_areas = true
debug_shape_custom_color = Color( 0.333333, 0.835294, 0.901961, 1 )

[node name="Ray7" type="RayCast" parent="SurfaceRays"]
transform = Transform( 1, 0, 0, 0, 8.74228e-08, 1, 0, -1, 8.74228e-08, 0, 0, 0 )
enabled = true
cast_to = Vector3( 0, -0.7, 0 )
collision_mask = 2
collide_with_areas = true
debug_shape_custom_color = Color( 0.333333, 0.835294, 0.901961, 1 )

[node name="Ray18" type="RayCast" parent="SurfaceRays"]
transform = Transform( 0.707107, 0.707107, 3.09086e-08, 0, -4.37114e-08, 1, 0.707107, -0.707107, -3.09086e-08, 0, 0, 0 )
enabled = true
cast_to = Vector3( 0, -0.7, 0 )
collision_mask = 2
collide_with_areas = true
debug_shape_custom_color = Color( 0.333333, 0.835294, 0.901961, 1 )

[node name="Ray19" type="RayCast" parent="SurfaceRays"]
transform = Transform( 0.707107, -0.707107, -3.09086e-08, 0, -4.37114e-08, 1, -0.707107, -0.707107, -3.09086e-08, 0, 0, 0 )
enabled = true
cast_to = Vector3( 0, -0.7, 0 )
collision_mask = 2
collide_with_areas = true
debug_shape_custom_color = Color( 0.333333, 0.835294, 0.901961, 1 )

[node name="Ray20" type="RayCast" parent="SurfaceRays"]
transform = Transform( -0.707107, -0.707107, -3.09086e-08, 0, -4.37114e-08, 1, -0.707107, 0.707107, 3.09086e-08, 0, 0, 0 )
enabled = true
cast_to = Vector3( 0, -0.7, 0 )
collision_mask = 2
collide_with_areas = true
debug_shape_custom_color = Color( 0.333333, 0.835294, 0.901961, 1 )

[node name="Ray21" type="RayCast" parent="SurfaceRays"]
transform = Transform( -0.707107, 0.707107, 3.09086e-08, 0, -4.37114e-08, 1, 0.707107, 0.707107, 3.09086e-08, 0, 0, 0 )
enabled = true
cast_to = Vector3( 0, -0.7, 0 )
collision_mask = 2
collide_with_areas = true
debug_shape_custom_color = Color( 0.333333, 0.835294, 0.901961, 1 )

[node name="Ray8" type="RayCast" parent="SurfaceRays"]
transform = Transform( 0.866025, -0.5, 0, 0.5, 0.866025, 0, 0, 0, 1, 0, 0, 0 )
enabled = true
cast_to = Vector3( 0, -0.7, 0 )
collision_mask = 2
collide_with_areas = true
debug_shape_custom_color = Color( 0.333333, 0.835294, 0.901961, 1 )

[node name="Ray9" type="RayCast" parent="SurfaceRays"]
transform = Transform( 0.866025, 0.5, 0, -0.5, 0.866025, 0, 0, 0, 1, 0, 0, 0 )
enabled = true
cast_to = Vector3( 0, -0.7, 0 )
collision_mask = 2
collide_with_areas = true
debug_shape_custom_color = Color( 0.333333, 0.835294, 0.901961, 1 )

[node name="Ray10" type="RayCast" parent="SurfaceRays"]
transform = Transform( 0.5, 0.866025, 0, -0.866025, 0.5, 0, 0, 0, 1, 0, 0, 0 )
enabled = true
cast_to = Vector3( 0, -0.7, 0 )
collision_mask = 2
collide_with_areas = true
debug_shape_custom_color = Color( 0.333333, 0.835294, 0.901961, 1 )

[node name="Ray11" type="RayCast" parent="SurfaceRays"]
transform = Transform( 0.5, -0.866025, 0, 0.866025, 0.5, 0, 0, 0, 1, 0, 0, 0 )
enabled = true
cast_to = Vector3( 0, -0.7, 0 )
collision_mask = 2
collide_with_areas = true
debug_shape_custom_color = Color( 0.333333, 0.835294, 0.901961, 1 )

[node name="Ray14" type="RayCast" parent="SurfaceRays"]
transform = Transform( 0.353553, -0.612372, 0.707107, 0.866025, 0.5, 0, -0.353553, 0.612372, 0.707107, 0, 0, 0 )
enabled = true
cast_to = Vector3( 0, -0.7, 0 )
collision_mask = 2
collide_with_areas = true
debug_shape_custom_color = Color( 0.333333, 0.835294, 0.901961, 1 )

[node name="Ray15" type="RayCast" parent="SurfaceRays"]
transform = Transform( 0.353553, -0.612372, -0.707107, 0.866025, 0.5, 0, 0.353553, -0.612372, 0.707107, 0, 0, 0 )
enabled = true
cast_to = Vector3( 0, -0.7, 0 )
collision_mask = 2
collide_with_areas = true
debug_shape_custom_color = Color( 0.333333, 0.835294, 0.901961, 1 )

[node name="Ray16" type="RayCast" parent="SurfaceRays"]
transform = Transform( -0.353553, 0.612372, -0.707107, 0.866025, 0.5, 0, 0.353553, -0.612372, -0.707107, 0, 0, 0 )
enabled = true
cast_to = Vector3( 0, -0.7, 0 )
collision_mask = 2
collide_with_areas = true
debug_shape_custom_color = Color( 0.333333, 0.835294, 0.901961, 1 )

[node name="Ray17" type="RayCast" parent="SurfaceRays"]
transform = Transform( -0.353553, 0.612372, 0.707107, 0.866025, 0.5, 0, -0.353553, 0.612372, -0.707107, 0, 0, 0 )
enabled = true
cast_to = Vector3( 0, -0.7, 0 )
collision_mask = 2
collide_with_areas = true
debug_shape_custom_color = Color( 0.333333, 0.835294, 0.901961, 1 )

[node name="Ray12" type="RayCast" parent="SurfaceRays"]
transform = Transform( -4.37114e-08, -1, 0, 1, -4.37114e-08, 0, 0, 0, 1, 0, 0, 0 )
enabled = true
cast_to = Vector3( 0, -0.7, 0 )
collision_mask = 2
collide_with_areas = true
debug_shape_custom_color = Color( 0.333333, 0.835294, 0.901961, 1 )

[node name="Ray13" type="RayCast" parent="SurfaceRays"]
transform = Transform( -4.37114e-08, 1, 0, -1, -4.37114e-08, 0, 0, 0, 1, 0, 0, 0 )
enabled = true
cast_to = Vector3( 0, -0.7, 0 )
collision_mask = 2
collide_with_areas = true
debug_shape_custom_color = Color( 0.333333, 0.835294, 0.901961, 1 )

[node name="Ray22" type="RayCast" parent="SurfaceRays"]
transform = Transform( 1, 0, 0, 0, -0.5, 0.866025, 0, -0.866025, -0.5, 0, 0, 0 )
enabled = true
cast_to = Vector3( 0, -0.7, 0 )
collision_mask = 2
collide_with_areas = true
debug_shape_custom_color = Color( 0.333333, 0.835294, 0.901961, 1 )

[node name="Ray23" type="RayCast" parent="SurfaceRays"]
transform = Transform( 1, 0, 0, 0, -0.5, -0.866025, 0, 0.866025, -0.5, 0, 0, 0 )
enabled = true
cast_to = Vector3( 0, -0.7, 0 )
collision_mask = 2
collide_with_areas = true
debug_shape_custom_color = Color( 0.333333, 0.835294, 0.901961, 1 )

[node name="Ray24" type="RayCast" parent="SurfaceRays"]
transform = Transform( 1, 0, 0, 0, -0.866025, 0.5, 0, -0.5, -0.866025, 0, 0, 0 )
enabled = true
cast_to = Vector3( 0, -0.7, 0 )
collision_mask = 2
collide_with_areas = true
debug_shape_custom_color = Color( 0.333333, 0.835294, 0.901961, 1 )

[node name="Ray25" type="RayCast" parent="SurfaceRays"]
transform = Transform( 1, 0, 0, 0, -0.866025, -0.5, 0, 0.5, -0.866025, 0, 0, 0 )
enabled = true
cast_to = Vector3( 0, -0.7, 0 )
collision_mask = 2
collide_with_areas = true
debug_shape_custom_color = Color( 0.333333, 0.835294, 0.901961, 1 )

[node name="Ray26" type="RayCast" parent="SurfaceRays"]
transform = Transform( 1, 0, 0, 0, -1, 8.74228e-08, 0, -8.74228e-08, -1, 0, 0, 0 )
enabled = true
cast_to = Vector3( 0, -0.7, 0 )
collision_mask = 2
collide_with_areas = true
debug_shape_custom_color = Color( 0.333333, 0.835294, 0.901961, 1 )

[node name="Ray27" type="RayCast" parent="SurfaceRays"]
transform = Transform( 0.866026, 0.5, -8.74228e-08, 0.5, -0.866025, 0, -7.57104e-08, -4.37114e-08, -1, 0, 0, 0 )
enabled = true
cast_to = Vector3( 0, -0.7, 0 )
collision_mask = 2
collide_with_areas = true
debug_shape_custom_color = Color( 0.333333, 0.835294, 0.901961, 1 )

[node name="Ray28" type="RayCast" parent="SurfaceRays"]
transform = Transform( 0.866026, -0.5, 8.74228e-08, -0.5, -0.866025, 0, 7.57104e-08, -4.37114e-08, -1, 0, 0, 0 )
enabled = true
cast_to = Vector3( 0, -0.7, 0 )
collision_mask = 2
collide_with_areas = true
debug_shape_custom_color = Color( 0.333333, 0.835294, 0.901961, 1 )

[node name="Ray29" type="RayCast" parent="SurfaceRays"]
transform = Transform( 0.5, -0.866025, -8.74228e-08, -0.866025, -0.5, 0, -4.37114e-08, 7.57103e-08, -1, 0, 0, 0 )
enabled = true
cast_to = Vector3( 0, -0.7, 0 )
collision_mask = 2
collide_with_areas = true
debug_shape_custom_color = Color( 0.333333, 0.835294, 0.901961, 1 )

[node name="Ray31" type="RayCast" parent="SurfaceRays"]
transform = Transform( 0.353553, -0.612372, -0.707107, -0.866025, -0.5, 0, -0.353553, 0.612372, -0.707107, 0, 0, 0 )
enabled = true
cast_to = Vector3( 0, -0.7, 0 )
collision_mask = 2
collide_with_areas = true
debug_shape_custom_color = Color( 0.333333, 0.835294, 0.901961, 1 )

[node name="Ray32" type="RayCast" parent="SurfaceRays"]
transform = Transform( 0.353553, -0.612372, 0.707107, -0.866025, -0.5, 0, 0.353553, -0.612372, -0.707107, 0, 0, 0 )
enabled = true
cast_to = Vector3( 0, -0.7, 0 )
collision_mask = 2
collide_with_areas = true
debug_shape_custom_color = Color( 0.333333, 0.835294, 0.901961, 1 )

[node name="Ray33" type="RayCast" parent="SurfaceRays"]
transform = Transform( -0.353553, 0.612372, 0.707107, -0.866025, -0.5, 0, 0.353553, -0.612372, 0.707107, 0, 0, 0 )
enabled = true
cast_to = Vector3( 0, -0.7, 0 )
collision_mask = 2
collide_with_areas = true
debug_shape_custom_color = Color( 0.333333, 0.835294, 0.901961, 1 )

[node name="Ray34" type="RayCast" parent="SurfaceRays"]
transform = Transform( -0.353553, 0.612372, -0.707107, -0.866025, -0.5, 0, -0.353553, 0.612372, 0.707107, 0, 0, 0 )
enabled = true
cast_to = Vector3( 0, -0.7, 0 )
collision_mask = 2
collide_with_areas = true
debug_shape_custom_color = Color( 0.333333, 0.835294, 0.901961, 1 )

[node name="Ray30" type="RayCast" parent="SurfaceRays"]
transform = Transform( 0.5, 0.866025, -8.74228e-08, 0.866025, -0.5, 0, -4.37114e-08, -7.57103e-08, -1, 0, 0, 0 )
enabled = true
cast_to = Vector3( 0, -0.7, 0 )
collision_mask = 2
collide_with_areas = true
debug_shape_custom_color = Color( 0.333333, 0.835294, 0.901961, 1 )
